{
  "_comment": "SA-optimized n=8, ratio ~1.0909 (12/11?)",
  "n": 8,
  "dist": [
    [0.000, 2.956, 2.954, 2.954, 5.905, 2.952, 1.476, 4.430],
    [2.956, 0.000, 2.955, 2.953, 5.905, 5.907, 1.480, 1.474],
    [2.954, 2.955, 0.000, 5.907, 5.905, 2.952, 4.430, 4.429],
    [2.954, 2.953, 5.907, 0.000, 2.953, 5.906, 1.478, 1.478],
    [5.905, 5.905, 5.905, 2.953, 0.000, 2.953, 4.431, 4.431],
    [2.952, 5.907, 2.952, 5.906, 2.953, 0.000, 4.428, 4.650],
    [1.476, 1.480, 4.430, 1.478, 4.431, 4.428, 0.000, 2.954],
    [4.430, 1.474, 4.429, 1.478, 4.431, 4.650, 2.954, 0.000]
  ],
  "prob": [1.0, 1.0, 1.0, 1.0, 0.5, 1.0, 1.0, 1.0]
}
